[ALAccessSample]
ProductVersion=3.7
LicenseType=1
LicenseClass=0
Licensee=ismail
RegisteredLevel=5
MaxCount=5
LicenseKey=1C21-3BED-0105-175C-B6CE-DC00
RegisteredDate=40874.9342592593
LastUsed=40874.9545717593
Hash1=7bdaf05ed24838aa0b6119e62e3058ac
Expiration=40910
LicenseCode=Short Key
